# Statistical Distances with `Python` and `R`



More articles in my blog:   $\hspace{0.1cm}$   [Estadistica4all](https://fabioscielzoortiz.github.io/Estadistica4all.github.io/)

How to reference this article ? 

Scielzo Ortiz, F. (2022). Statistical Distances with Python and R. *Estadistica4all*.  [Statistical Distances with Python and R](https://fabioscielzoortiz.github.io/Estadistica4all.github.io/Articulos/Statistical%20Distances%20with%20Python%20and%20R.html )



## Index

* [Data-set in `Python`](#1)
* [Data-set in `R`](#2)
  


* [Statistical Distances ](#3)
* * [Distance Definition](#4)
* * * [Almost-metric](#5)
* * * [Semi-metric](#6)
* * * [Metric](#7)
* * * [Distance](#9)


* * [Distance Matrix](#10)

* [ Distances with Quantitative Data](#11)
  
* * [Euclidean Distance](#12)
* * * [Disadvantages](#13)
* * * [Euclidean Distance in `R`](#14)
* * * [Euclidean Distance in `Python`](#15)
* * * [Euclidean Distance Matrix in `R`](#16)
* * * [Euclidean Distance Matrix in `Python`](#17)
 

 
* * [Minkowski Distance](#18)
* * * [Disadvantages](#19)
* * * [ Particular cases of the Minkowski distance](#20)
* * * * [Euclidean Distance](#21)
* * * * [Manhattan Distance](#22)
* * * * [Dominant Distance](#23)
* * * [Minkowski Distance in `R`](#24)
* * * [Minkowski Distance in `Python`](#25)
* * * [Minkowski Distance Matrix in `R`](#26)
* * * [Minkowski Distance Matrix in `Python`](#27)
* * * [Dominant Distance in `R`](#28)
* * * [Dominant Distance in `Python`](#29)
* * * [Dominant Distance Matrix in `R`](#30)
* * * [Dominant Distance Matrix in `Python`](#31)


  
* * [Canberra Distance](#32)
* * * [Disadvantages](#33.1)
* * * [Canberra Distance in `R`](#33)
* * * [Canberra Distance in `Python`](#34)
* * * [Canberra Distance Matrix in `R`](#35)
* * * [Canberra Distance Matrix in `Python`](#36)
 

 
* * [Karl Pearson Distance](#37)
* * * [Disadvantages](#38.1)
* * * [Karl Pearson Distance in `R`](#38)
* * * [Karl Pearson Distance in `Python`](#39)
* * * [Karl Pearson Distance Matrix in `R`](#40)
* * * [Karl Pearson Distance Matrix in `Python`](#41)
  


* * [Mahalanobis Distance](#42)
* * * [Advantages](#42.1)
* * * [Mahalanobis Distance in `R`](#43)
* * * [Mahalanobis Distance in `Python`](#44)
* * * [Mahalanobis Distance Matrix in `R`](#45)
* * * [Mahalanobis Distance Matrix in `Python`](#46)

* [ Distances with Categorical Data](#47)


* * [Similarity](#48)
* * [Similarity Matrix](#49)
* * [Go from similarity to distance](#50)

* [Similarities with Binary Data ](#51)

* * * [Arrays with parameters a, b, c and d ](#52)
* * * [Computing the arrays with parameters a, b, c and d  in `R`](#53)
* * * [Computing the arrays with parameters a, b, c and d  in `Python`](#54)




* * [Sokal Similarity](#55)
* * [Sokal Distance](#56)
* * * [ Sokal Similarity in `R`](#57)
* * * [ Sokal Similarity in `Python`](#58)
* * * [ Sokal Similarity Matrix in `R`](#59)
* * * [ Sokal Similarity Matrix in `Python`](#60)
* * * [Sokal Distance in `R`](#61)
* * * [Sokal Distance in `Python`](#62)
* * * [Sokal Distance Matrix in `R`](#63)
* * * [Sokal Distance Matrix in `Python`](#64)




* * [Jaccard Similarity](#65)
* * [Jaccard Distance](#66)
  

* * * [ Jaccard Similarity in `R`](#67)
* * * [ Jaccard Similarity in `Python`](#68)
* * * [ Jaccard Similarity Matrix in `R`](#69)
* * * [ Jaccard Similarity Matrix in `Python`](#70)
* * * [Jaccard Distance in `R`](#71)
* * * [Jaccard Distance in `Python`](#72)
* * * [Jaccard Distance Matrix in `R`](#73)
* * * [Jaccard Distance Matrix in `Python`](#74)
  


* * [More similarity coefficients for Binary Data](#75)

* [Similarities with Multiclass  Categorical Data](#76)


* * [Matches Similarity ](#77)
* * [Matches Distance  ](#78)
* * * [ Matches Similarity in `R`](#79)
* * * [ Matches Similarity in `Python`](#79.1)
* * * [ Matches Distance in `R`](#80)
* * * [ Matches Distance in `Python`](#80.1)
* * * [ Matches Similarity Matrix in `R`](#81)
* * * [ Matches Similarity Matrix in `Python`](#82)
* * * [ Matches Distance Matrix in `R`](#83)
* * * [ Matches Distance Matrix in `Python`](#84)

* [Distances with Mixed Data](#85)
  
* * [Gower Similarity ](#86)
* * [Gower Distance](#87)
* * * [ Gower Similarity in `R`](#88)
* * * [Gower Similarity in `Python`](#89)
* * * [Gower Similarity Matrix in `R`](#90)
* * * [Gower Similarity Matrix in `Python`](#91)
* * * [Gower Distance in `R`](#92)
* * * [Gower Distance in `Python`](#93)
* * * [Gower Distance Matrix in `R`](#94)
* * * [Gower Distance Matrix in `Python`](#95)
  


* * [Gower-Binary-Multiclass Similarity ](#95.1)
* * [ Gower-Binary-Multiclass Distance ](#95.1.1)
* * * [Gower-Binary-Multiclass Similarity in `Python`](#95.2)
* * * [ Gower-Binary-Multiclass Similarity Matrix in `Python`](#95.3)
* * * [ Gower-Binary-Multiclass Distance in `Python`](#95.4)
* * * [ Gower-Binary-Multiclass Distance Matrix in `Python`](#95.5)



* * [Gower-Binary-Quantitative Similarity ](#96.1)
* * [ Gower-Binary-Quantitative Distance ](#96.1.1)
* * * [Gower-Binary-Quantitative Similarity in `Python`](#96.2)
* * * [ Gower-Binary-Quantitative Similarity Matrix in `Python`](#96.3)
* * * [ Gower-Binary-Quantitative Distance in `Python`](#96.4)
* * * [ Gower-Binary-Quantitative Distance Matrix in `Python`](#96.5)
  


* * [Gower-Multiclass-Quantitative Similarity ](#97.1)
* * [ Gower-Multiclass-Quantitative Distance ](#97.1.1)
* * * [Gower-Multiclass-Quantitative Similarity in `Python`](#97.2)
* * * [ Gower-Multiclass-Quantitative Similarity Matrix in `Python`](#97.3)
* * * [ Gower-Multiclass-Quantitative Distance in `Python`](#97.4)
* * * [ Gower-Multiclass-Quantitative Distance Matrix in `Python`](#97.5)

* * [Gower-Mahalanobis Similarity](#96)
* * [Gower-Mahalanobis Distance](#97)
* * * [Gower-Mahalanobis Similarity in `R`](#98)
* * * [Gower-Mahalanobis Similarity in `Python`](#99)
*  * * [Gower-Mahalanobis Similarity Matrix in `R`](#100)
*  * * [Gower-Mahalanobis Similarity Matrix in `Python`](#101)
*  * * [Gower-Mahalanobis Distance in `R`](#102)
*  * * [Gower-Mahalanobis Distance in `Python`](#103)
*  * * [Gower-Mahalanobis Distance Matrix in `R`](#104)
*  * * [Gower-Mahalanobis Distance Matrix in `Python`](#105)



----



## Data-set in  `Python` <a class="anchor" id="1"></a>



```python
import numpy as np
```


```python
np.random.seed(123)

# Quantitative

X1 = np.random.normal(loc=10, scale=15, size=50)
X2 = np.random.normal(loc=10, scale=15, size=50)
X3 = np.random.normal(loc=10, scale=15, size=50)
X4 = np.random.normal(loc=10, scale=15, size=50)

# Binary Categorical / Dummies ( categories: 0,1)

X5 = np.random.uniform(low=0.0, high=1.0, size=50).round()
X6 = np.random.uniform(low=0.0, high=1.0, size=50).round() 
X7 = np.random.uniform(low=0.0, high=1.0, size=50).round() 


# Multiple categorical

X8 = np.random.uniform(low=0, high=4, size=50).round()   # categories: 0,1,2,3,4
X9 = np.random.uniform(low=0, high=3, size=50).round()   # categories: 0,1,2,3
X10 = np.random.uniform(low=0, high=5, size=50).round()  # categories: 0,1,2,3,4,5
```


```python
import pandas as pd
```


```python
Data_set_Python = pd.DataFrame({'X1': X1 , 'X2': X2, 'X3': X3 , 'X4': X4 , 'X5': X5 , 
                         'X6': X6 , 'X7': X7 , 'X8': X8 , 'X9': X9 , 'X10': X10 })
```



-----



## Data-set in  `R` <a class="anchor" id="2"></a>



```python
import rpy2

%load_ext rpy2.ipython

import rpy2.robjects as robjects
```

    c:\Users\Usuario\AppData\Local\Programs\Python\Python310\lib\site-packages\rpy2\robjects\packages.py:366: UserWarning: The symbol 'quartz' is not in this R namespace/package.
      warnings.warn(
    


```r
%%R

# Quantitative

X1 <- c(-6.28445905,  24.9601817 ,  14.24467747, -12.59442071,
         1.32099622,  34.77154806, -26.40018865,   3.56631057,
        28.98904388,  -3.00110603,  -0.18329227,   8.57936547,
        32.37084439,   0.41647005,   3.34027061,   3.48473087,
        43.08895124,  42.80179133,  25.06080847,  15.79279599,
        21.06052864,  32.36098042,  -4.03750803,  27.63743567,
        -8.80821002,   0.43372746,  23.60657794, -11.4302105 ,
         7.8989692 ,  -2.92632344,   6.16570944, -31.97883658,
       -16.57299657,  -0.49815852,  23.91193648,   7.39546476,
        10.04268874,  20.32334067,  -3.19304515,  14.25440986,
        -2.08049777, -15.91504241,   4.13650309,  18.60708794,
        15.07883576,   9.82254258,  45.88547899,  16.1936824 ,
        24.68104009,  43.57215008)

X2 <- c(-9.41127985,  -5.58182315,  36.15568338,  -1.97094103,
        10.44524845,  26.03973954,  23.36059587,  36.32329273,
        32.43466206,  26.04089005,  -1.59063071,  21.92294002,
        14.71407992,  -9.8939819 ,  31.2594857 ,  22.10854802,
        10.68235121,   6.50361909,  -7.97451717,  12.9928611 ,
        17.02658679,  -2.46732476,  27.43306074,  -6.4580457 ,
       -21.84650525,  25.59590636,   3.94950943,   8.10955622,
        -2.56275084, -14.08944141,  28.82856062,  -0.33303476,
        34.91428732,  22.10962279,   5.2786278 ,  -6.28853602,
        -0.9869298 ,  -8.18784697,  41.30670039,  12.46661845,
        27.25308314,  -9.01028074,  12.71552694,  27.66792908,
         4.97483857,  25.46671688,  -6.26851868, -10.45207317,
        15.69100918,   4.31235348)

X3 <- c(19.63082034, -19.66831897,  20.68396953,  48.97455891,
         9.63061028,  10.51213193,  12.69324227, -17.92963566,
        16.3921996 , -14.08114616,   3.58480603,  28.64304324,
        -1.02825434,  17.51873484,  25.19108581,  14.18111284,
       -10.56422705,   5.01287087,  39.39117014, -20.37568644,
         5.86320979,   1.71837893,  11.81121045,  21.22323426,
        34.13036452,   5.94651412,  22.18511995,  17.49610217,
        17.11520947,   1.54114103,  -4.95982203,  -6.50064669,
        -1.34655814,  14.82529864,  21.4142409 ,  14.85203272,
         1.76567356,  37.08955165,  32.78298435,   4.68999831,
        -2.35147109,  11.95322431,  29.00947968,  14.99147466,
        18.34823057,   6.81879817,  16.84406343,  33.16816677,
         6.40496828,  12.14961599)

X4 <- c(13.80724715,  14.25588034, -11.17833314, -18.15302984,
        -5.29482606,  12.51913443,  18.30784249,   2.0398816 ,
        30.65886224,   7.85236039,  10.30473997,   7.09054194,
        12.01040189,  20.56711111,  19.98480157,  -3.47634411,
        32.85495665,  -6.42539686,  11.18840521,   5.8840514 ,
        -5.73487516,   8.87319118,  -1.1122066 ,  11.09360865,
        16.04628942,  32.07894053,  14.61076328,   0.8316199 ,
         4.12570284,  12.09967159,  11.40191244,  31.89383902,
        30.93029395,   4.61596111,   1.77036808, -28.35581906,
         1.7661938 ,  -4.67086559,   4.67763313,  15.87376364,
        12.65788494,   9.55047989,  12.99373167,   8.1082334 ,
        12.95528399, -38.46582512,   5.96059765,   8.33723918,
         4.88107426,   6.73080607)



# Binary Categorical / Dummies ( categories: 0,1)

X5 <- c(0., 1., 1., 0., 0., 1., 1., 1., 0., 0., 1., 0., 0., 0., 1., 0., 1.,
       1., 0., 0., 1., 0., 0., 1., 1., 1., 0., 0., 1., 0., 1., 0., 0., 0.,
       0., 0., 0., 1., 0., 0., 0., 0., 1., 0., 1., 0., 1., 0., 1., 0.)

X6 <- c(0., 1., 0., 1., 1., 1., 1., 1., 0., 1., 0., 1., 0., 1., 1., 1., 0.,
       1., 0., 1., 0., 0., 0., 1., 0., 1., 1., 0., 1., 1., 0., 0., 0., 1.,
       1., 1., 1., 1., 0., 0., 1., 0., 0., 0., 0., 1., 0., 1., 1., 1.)    

X7 <- c(1., 1., 0., 0., 0., 1., 0., 0., 1., 1., 0., 1., 0., 0., 0., 0., 1.,
       1., 1., 1., 0., 0., 0., 0., 0., 0., 1., 0., 1., 0., 1., 0., 0., 1.,
       1., 0., 1., 1., 1., 1., 0., 1., 1., 0., 1., 0., 1., 0., 0., 1.) 



# Multiple categorical

X8 <- c(3., 3., 3., 1., 2., 3., 3., 0., 0., 1., 4., 2., 1., 1., 1., 2., 1.,
       3., 2., 1., 4., 1., 4., 0., 3., 2., 2., 0., 0., 1., 4., 2., 1., 2.,
       1., 1., 1., 3., 2., 1., 4., 3., 1., 4., 4., 2., 3., 2., 1., 0.) 

X9 <- c(1., 1., 1., 1., 3., 0., 2., 1., 1., 1., 3., 1., 0., 3., 3., 1., 2.,
       0., 0., 3., 1., 2., 3., 1., 0., 0., 2., 3., 1., 1., 2., 3., 2., 1.,
       2., 0., 0., 2., 1., 2., 1., 1., 3., 0., 2., 0., 2., 1., 0., 2.)       
        
X10 <- c(4., 3., 0., 1., 2., 1., 4., 1., 3., 5., 5., 1., 0., 5., 4., 5., 2.,
       4., 1., 2., 4., 1., 4., 2., 2., 2., 5., 3., 4., 4., 5., 2., 2., 3.,
       2., 5., 2., 2., 3., 2., 5., 0., 1., 2., 1., 1., 4., 3., 0., 5.)        
```


```r
%%R

Data_set_R <- cbind(X1,X2,X3,X4,X5,X6,X7,X8,X9,X10)
```



---



## Statistical Distances <a class="anchor" id="3"></a>



The concept of distance between elements of a set $\varepsilon$ allows us to interpret geometrically many classical techniques of multivariate analysis.

This interpretation is possible both with quantitative and categorical variables, or even when no variables are available, as long as it makes sense to obtain a measure of proximity between the elements of $\varepsilon$





###  Distance Definition <a class="anchor" id="4"></a>



Given a set of elements $\Omega$

#### Almost-metric <a class="anchor" id="1"></a>


It is called **quasi-metric** or **dissimilarity** to any mapping $\delta : \Omega \hspace{0.05cm}x\hspace{0.05cm} \Omega \rightarrow \mathbb{R}$ that satisfies the following properties:



1) $\hspace{0.15cm}\delta (i,j) \geq 0 \hspace{0.25cm}, \forall i,j \in \Omega$

2) $\hspace{0.15cm}\delta (i,i) = 0 \hspace{0.25cm}, \forall i \in  \Omega$

3) $\hspace{0.15cm}\delta (i,j) = \delta (j, i) \hspace{0.25cm}, \forall i,j \in \Omega $





#### Semi-metric <a class="anchor" id="6"></a>


It is called **semi-metric** to any dissimilarity (quasi-metric)  that satisfies the triangular inequality:



4) $\hspace{0.15cm} \delta (i,j) \hspace{0.1 cm}\leq \hspace{0.1 cm} \delta (i,k) + \delta (k,j) \hspace{0.25cm}, \forall i,j,k \in \Omega$





#### Metric <a class="anchor" id="7"></a>


It is called a **metric** to any semi-metric that satisfies:

5) $\hspace{0.15cm} \delta (i,j)=0 \hspace{0.15cm}\Leftrightarrow\hspace{0.15cm} i=j$






#### Distance <a class="anchor" id="9"></a>

A **distance** is a metric or semi-metric
 



### Distance Matrix <a class="anchor" id="10"></a>



When $\varepsilon$ is a finite set, we will have a distance matrix:



$$
D= \begin{pmatrix}
0 & \delta_{12}&...&\delta_{1n}\\
\delta_{21} & 0&...&\delta_{2n}\\
...&...&...&...\\
\delta_{n1}& \delta_{n2}&...& 0\\
\end{pmatrix}
$$
con $\delta_{ij}=\delta_{ji}$





We will also use the matrix of squares of distances:



$$
D^{(2)}= 
\begin{pmatrix}
0 & \delta^2_{12}&...&\delta^2_{1n}\\
\delta^2_{21} & 0&...&\delta^2_{2n}\\
...&...&...&...\\
\delta^2_{n1}& \delta^2_{n2}&...& 0\\
\end{pmatrix}
$$





No debe confundirse con  $D^2=D\cdot D$





-----



## Distances with quantitative variables <a class="anchor" id="11"></a>

Let $X_1,...,X_p$ be quantitative variables,

Let $\hspace{0.1cm} x_i=(x_{i1},...,x_{ip})^t \hspace{0.1cm}$ and $\hspace{0.1cm} x_j=(x_{j1},...,x_{jp})^t \hspace{0.1cm}$ the values ​​(observations) of the variables $X_1,...,X_p$ for the elements or individuals $i$ and $j$ of the sample $\Omega$.




### Euclidean Distance <a class="anchor" id="12"></a>


 
The Euclidean distance between the elements / individuals $i$ and $j$ of $\Omega$ with respect to the quantitative variables $X_1,...,X_p$ is defined as:



 $$
\delta^2(i,j)_{Euclidea} = \sum_{k=1}^{p} (x_{ik} - x_{jk})\hspace{0.05cm}^2 = (x_i - x_j)\hspace{0.05cm}^t\cdot (x_i - x_j) = sum \left( \hspace{0.05cm} (x_i - x_j)^2 \hspace{0.05cm} \right)
$$



$$
\delta(i,j)_{Euclidea} =\sqrt{\sum_{k=1}^{p} (x_{ik} - x_{jk})\hspace{0.05cm}^2  }  = \sqrt{(x_i - x_j)\hspace{0.05cm}^t\cdot (x_i - x_j)} = \sqrt{ sum \left( \hspace{0.05cm} (x_i - x_j)^2  \hspace{0.05cm} \right) }
 $$

 




Where $\hspace{0.05cm} sum \left( \hspace{0.05cm} (x_i - x_j)^2 \hspace{0.05cm} \right) \hspace{0.05cm}$ is a vectorial operation.



**Observation:**

Given two vectors $v=(v_1,...,v_n)^t$ and $w=(w_1,...,w_n)^t$

The Euclidean distance between the vectors v and w is :

$$
\delta^2(v,w)_{Euclidean} \hspace{0.07cm}=\hspace{0.07cm}  sum( (v-w)^2)  \hspace{0.07cm}=\hspace{0.07cm}  \sum_{i=1}^{n} (v_{i} - w_{i})\hspace{0.05cm}^2   
$$


So that, the Euclidean distance between the elements  $i$ and $j$ of $\Omega$ with respect to the quantitative variables $X_1,X_2,...,X_p$ is the Euclidean distance between the vectors $x_i=(x_{i1},x_{i2},...,x_{ip})$ and $x_j=(x_{j1},x_{j2},...,x_{jp})$



#### Disadvantages <a class="anchor" id="13"></a>


 
Although it is one of the most popular distances, it is not suitable in many cases for the following reasons:

1) It assumes that the variables are uncorrelated and with unit variance (although this last problem can be solved by standardizing the variables to unit variance by dividing them by their respective standard deviations).

2) It is not invariant against changes in scale (changes in measurement units) of the variables.


 
Let's see what this means in more detail:

If a change of scale is applied to the variables $a\cdot X_j + b$, with $a\neq 1$ and $b\neq 0$

Now the observations for elements $i$ and $j$ are $a\cdot x_i + b$ and $a\cdot x_j + b$

Then the Euclidean distance between the elements $i$ and $j$ with respect to the scaled variables $a\cdot X_j + b$ is:

$$
\delta^2(i,j)_{Euclidea} = a^2 \cdot (x_i - x_j)^t\cdot (x_i - x_j)
$$




---



### Euclidean Distance in `R` <a class="anchor" id="14"></a>


```r
%%R 

Dist_Euclidea_R <- function(i,j, Quantitative_Data_set){

Quantitative_Data_set=as.matrix(Quantitative_Data_set)  
  
Dist_Euclidea = sum( (Quantitative_Data_set[i,] - Quantitative_Data_set[j,])^2 )

Dist_Euclidea = sqrt(Dist_Euclidea)

return(Dist_Euclidea)

}
```


```r
%%R

library(tidyverse)

Data_set_R <- as.data.frame(Data_set_R)

Quantitative_Data_R <- Data_set_R %>% select(1:4)
```

    R[write to console]: -- Attaching packages --------------------------------------- tidyverse 1.3.1 --
    
    R[write to console]: v ggplot2 3.3.6     v purrr   0.3.4
    v tibble  3.1.7     v dplyr   1.0.9
    v tidyr   1.2.0     v stringr 1.4.0
    v readr   2.1.2     v forcats 0.5.1
    
    R[write to console]: -- Conflicts ------------------------------------------ tidyverse_conflicts() --
    x dplyr::filter() masks stats::filter()
    x dplyr::lag()    masks stats::lag()
    
    


```r
%%R 

Dist_Euclidea_R(1,2, Quantitative_Data_R)
```

    [1] 50.35391
    



---



### Euclidean Distance in `Python` <a class="anchor" id="15"></a>



```python
def Dist_Euclidea_Python(i, j, Quantitative_Data_set):

    Quantitative_Data_set = Quantitative_Data_set.to_numpy()

    Dist_Euclidea = ( ( Quantitative_Data_set[i-1, ] - Quantitative_Data_set[j-1, ] )**2 ).sum()

    Dist_Euclidea = np.sqrt(Dist_Euclidea)

    return Dist_Euclidea
```


```python
Quantitative_Data_Python = Data_set_Python.iloc[ : , [0,1,2,3] ] 
```


```python
Dist_Euclidea_Python(1, 2, Quantitative_Data_Python)
```




    50.35390686386084





---



### Euclidean Distance Matrix in `R` <a class="anchor" id="16"></a>


```r
%%R

Dist_Euclidea_Matrix_R <- function( Quantitative_Data_set ){
  
  Quantitative_Data_set=as.matrix(Quantitative_Data_set)
  
  M <- matrix(NA, ncol =dim(Quantitative_Data_set)[1] , nrow=dim(Quantitative_Data_set)[1] )
  
  for(i in 1:dim(Quantitative_Data_set)[1] ){
    for(j in 1:dim(Quantitative_Data_set)[1]){
    
      M[i,j]=Dist_Euclidea_R(i,j, Quantitative_Data_set)
  
   }
  }
  return(M)
}
```


```r
%%R

Dist_Euclidea_Matrix_R(Quantitative_Data_R)[1:10,1:10]
```

              [,1]     [,2]     [,3]     [,4]     [,5]     [,6]     [,7]     [,8]
     [1,]  0.00000 50.35391 55.88544 44.47121 30.28231 55.01982 39.33222 61.13876
     [2,] 50.35391  0.00000 64.28101 84.76773 45.34684 44.83372 67.37388 48.64144
     [3,] 55.88544 64.28101  0.00000 54.98164 31.38217 34.47783 52.43096 42.18753
     [4,] 44.47121 84.76773 54.98164  0.00000 45.39912 73.81242 58.97470 81.31139
     [5,] 30.28231 45.34684 31.38217 45.39912  0.00000 40.99075 38.75224 38.57564
     [6,] 55.01982 44.83372 34.47783 73.81242 40.99075  0.00000 61.54206 44.70198
     [7,] 39.33222 67.37388 52.43096 58.97470 38.75224 61.54206  0.00000 47.62804
     [8,] 61.13876 48.64144 42.18753 81.31139 38.57564 44.70198 47.62804  0.00000
     [9,] 57.35650 55.05364 44.72150 79.73168 50.86690 20.92743 57.58937 51.56037
    [10,] 49.39225 43.05869 44.39039 74.35722 31.57531 45.31425 37.16027 14.05185
              [,9]    [,10]
     [1,] 57.35650 49.39225
     [2,] 55.05364 43.05869
     [3,] 44.72150 44.39039
     [4,] 79.73168 74.35722
     [5,] 50.86690 31.57531
     [6,] 20.92743 45.31425
     [7,] 57.58937 37.16027
     [8,] 51.56037 14.05185
     [9,]  0.00000 50.12994
    [10,] 50.12994  0.00000
    


```r
%%R

Dist_Euclidea_Matrix_R(Quantitative_Data_R)[1,2]
```

    [1] 50.35391
    


```r
%%R

Dist_Euclidea_Matrix_R(Quantitative_Data_R)[5,3]
```

    [1] 31.38217
    



---



### Euclidean Distance Matrix in `Python` <a class="anchor" id="17"></a>


```python
def Dist_Euclidea_Matrix_Python( Quantitative_Data_set ):

    M = np.zeros((Quantitative_Data_set.shape[0] , Quantitative_Data_set.shape[0]))

    for i in range(0 , Quantitative_Data_set.shape[0]):
        for j in range(0 , Quantitative_Data_set.shape[0]):

            M[i,j]=Dist_Euclidea_Python(i+1,j+1, Quantitative_Data_set)
                 
    return M
```


```python
np.set_printoptions(threshold=np.inf)
```


```python
Dist_Euclidea_Matrix_Python(Quantitative_Data_Python)
```




    array([[ 0.        , 50.35390686, 55.88543575, 44.47121042, 30.28230619,
            55.0198165 , 39.33222296, 61.13875643, 57.35650319, 49.39224756,
            19.18668603, 36.45683618, 50.06287534,  9.76176818, 42.61250194,
            37.64782144, 64.1564009 , 57.32179616, 37.17418244, 51.50386721,
            44.92383319, 43.43833526, 40.57450703, 34.19526501, 19.39727407,
            42.32909321, 32.85049264, 22.50294156, 18.65831141, 19.06081274,
            47.19933709, 41.86399342, 52.95147825, 33.684141  , 35.71670108,
            44.692872  , 28.3142343 , 36.82009972, 53.27475603, 33.58550615,
            42.97081537, 13.03742629, 26.20711906, 45.25990645, 25.80158224,
            66.12512498, 52.92367433, 26.82407183, 42.9370094 , 52.72631243],
           [50.35390686,  0.        , 64.28100719, 84.76773428, 45.34683551,
            44.83371544, 67.37388444, 48.6414443 , 55.05364378, 43.05869447,
            34.70508944, 58.39668596, 28.6240421 , 45.20726822, 62.20843455,
            51.84754056, 31.96851235, 38.74606183, 59.1875643 , 22.35280172,
            39.72199341, 23.46989799, 56.19597349, 41.11027296, 65.59228669,
            50.4715655 , 42.94781526, 55.43572387, 41.90284275, 36.1182387 ,
            41.97370265, 61.27060276, 63.07664266, 51.9392045 , 44.30251635,
            57.58845657, 29.30960502, 60.06637365, 76.38075584, 32.19169089,
            45.95384888, 52.00577911, 56.03159566, 48.83648924, 40.6943939 ,
            68.3688932 , 42.89878088, 54.1044858 , 34.93300177, 38.90125738],
           [55.88543575, 64.28100719,  0.        , 54.98163803, 31.38216703,
            34.47783324, 52.4309611 , 42.18752564, 44.72149983, 44.39038925,
            48.85544352, 25.1349437 , 42.39620719, 57.70253837, 33.67987385,
            20.36433753, 66.30432249, 44.30493658, 53.98790262, 50.15908015,
            25.7228365 , 50.81037734, 24.29763794, 49.91619051, 69.40947427,
            48.89412591, 42.33454579, 40.00233232, 42.26505327, 61.05513266,
            35.86680901, 77.86048533, 56.65466196, 26.42776544, 34.85757618,
            46.66370093, 43.84852476, 48.11225507, 26.98897872, 39.35473221,
            38.00742631, 58.78335325, 36.1278142 , 22.25867797, 39.50731648,
            32.72093332, 55.76236247, 52.08449226, 31.4565573 , 47.62006684],
           [44.47121042, 84.76773428, 54.98163803,  0.        , 45.3991221 ,
            73.81241883, 58.97469914, 81.31139218, 79.73168127, 74.35722311,
            54.99322753, 45.49566153, 75.56704928, 52.16105863, 58.12334664,
            47.58518573, 96.99188335, 72.18535771, 49.05833632, 80.10609996,
            59.21453088, 70.60309948, 51.08150546, 57.13351257, 42.41835675,
            72.8308122 , 56.00628729, 38.13504916, 43.95098799, 58.35653547,
            71.29490757, 77.20508944, 79.48419108, 49.09981709, 50.41610136,
            41.06922021, 56.02554175, 38.01645806, 52.39032704, 63.6258423 ,
            67.44078876, 46.88968435, 43.17801864, 60.79885464, 52.15124308,
            58.69466016, 71.07885489, 43.03790037, 63.59358821, 71.89885378],
           [30.28230619, 45.34683551, 31.38216703, 45.3991221 ,  0.        ,
            40.9907531 , 38.75223822, 38.57563616, 50.86690442, 31.57531488,
            20.66454647, 26.44411609, 37.35503049, 33.84619273, 36.31112657,
            12.83465054, 60.06542816, 41.93798413, 45.3900241 , 35.23164008,
            21.15065257, 37.33029981, 18.42684608, 37.16511888, 46.91523574,
            40.50556351, 33.05586148, 16.35383851, 18.90088263, 31.43244808,
            29.20751965, 53.55618093, 48.49418921, 16.26577518, 26.94096267,
            29.59715123, 17.84594775, 38.24479216, 40.10346809, 25.37475047,
            27.5670741 , 30.02292938, 26.89039171, 28.35155313, 25.06525391,
            37.49856357, 49.43745145, 37.38642286, 26.21380111, 44.42672192],
           [55.0198165 , 44.83371544, 34.47783324, 73.81241883, 40.9907531 ,
             0.        , 61.54206339, 44.70198202, 20.92742959, 45.31425279,
            45.14609186, 32.5757276 , 16.35461   , 50.84649579, 35.86612364,
            35.54765747, 34.09966489, 28.90124474, 45.68410895, 39.09598084,
            24.98099916, 30.1510621 , 41.17748464, 34.98230184, 69.01122725,
            39.7833356 , 27.44573527, 51.39521188, 40.67294282, 55.78651545,
            32.66038993, 76.26238187, 56.52096236, 36.61231453, 27.98833476,
            59.02680661, 39.16737935, 48.80710721, 47.24267606, 25.50163432,
            39.05172235, 61.71324033, 38.18923588, 17.42014154, 29.88524115,
            56.88486656, 35.36171335, 46.98482361, 16.85595822, 24.2015702 ],
           [39.33222296, 67.37388444, 52.4309611 , 58.97469914, 38.75223822,
            61.54206339,  0.        , 47.62803575, 57.58937169, 37.16027484,
            38.16939382, 40.07318359, 61.29220008, 43.05101392, 33.25500958,
            37.03296616, 75.77603091, 75.78781521, 66.28415552, 55.99680802,
            54.01241498, 65.79830352, 29.90970982, 62.72178378, 53.08318507,
            30.9873708 , 54.60065126, 28.02106842, 45.48778971, 46.00476484,
            38.07569968, 33.84514914, 24.21783985, 29.40226826, 56.63754392,
            64.83343965, 48.10325579, 65.58653348, 38.07905621, 42.91214021,
            29.40857429, 35.14329196, 36.60964917, 46.40605524, 46.03449047,
            67.63342688, 79.20092137, 58.95905276, 53.73951046, 73.43900208],
           [61.13875643, 48.6414443 , 42.18752564, 81.31139218, 38.57563616,
            44.70198202, 47.62803575,  0.        , 51.56036507, 14.05185208,
            44.52756671, 49.26484008, 41.00886749, 61.20296704, 46.9798894 ,
            35.54707496, 56.77424682, 55.01504733, 76.11622471, 26.7311951 ,
            36.12418668, 52.59832331, 32.11398246, 63.43957107, 80.27002701,
            39.96630437, 56.71767666, 47.72162371, 52.56793829, 55.35258422,
            17.85473525, 60.24138439, 38.95165431, 36.0287417 , 54.09000808,
            61.87864552, 42.6846142 , 73.03550311, 51.47087335, 37.23439951,
            21.66971049, 58.17259152, 53.67419403, 37.70629526, 50.50240987,
            49.09381766, 69.49501117, 70.69672907, 38.36363189, 59.59810046],
           [57.35650319, 55.05364378, 44.72149983, 79.73168127, 50.86690442,
            20.92742959, 57.58937169, 51.56036507,  0.        , 50.12994455,
            50.8632025 , 35.1084059 , 31.25208625, 52.06936332, 29.16498894,
            43.89988418, 37.46254373, 48.66150817, 50.5606976 , 50.17761731,
            41.66093957, 43.81158656, 46.32661679, 43.82473737, 70.0231912 ,
            31.19781471, 33.63739387, 55.82391858, 48.7251624 , 61.22156787,
            36.88695577, 72.91372972, 48.95697369, 40.7036782 , 40.28638989,
            73.83003083, 50.24628075, 58.32540358, 45.36608876, 31.16685517,
            40.83534686, 64.80222647, 38.44145767, 25.31797077, 35.563725  ,
            72.70336615, 48.92478077, 52.75112572, 32.60594963, 39.92596416],
           [49.39224756, 43.05869447, 44.39038925, 74.35722311, 31.57531488,
            45.31425279, 37.16027484, 14.05185208, 50.12994455,  0.        ,
            33.00819665, 44.4634857 , 39.58710394, 49.63075874, 41.9160009 ,
            31.37872246, 54.75104232, 55.2091134 , 69.38974549, 23.81086496,
            35.25067702, 48.10262528, 27.45523375, 57.02460898, 68.69072223,
            31.62325811, 50.56595704, 37.93410002, 43.86434193, 43.27290844,
            13.6966962 , 46.59130224, 30.94663376, 29.45804541, 49.52066764,
            57.45817237, 34.47907694, 67.01423546, 49.39035764, 29.9785332 ,
            12.76696029, 45.56343251, 45.95374304, 36.26077847, 42.99264036,
            52.41142642, 66.28531845, 62.71290894, 36.08227645, 57.71055582],
           [19.18668603, 34.70508944, 48.85544352, 54.99322753, 20.66454647,
            45.14609186, 38.16939382, 44.52756671, 50.8632025 , 33.00819665,
             0.        , 35.60784324, 36.73969259, 19.20354106, 40.6457939 ,
            29.61934272, 52.26682077, 46.8526535 , 44.28199638, 32.5816101 ,
            32.56318615, 32.640943  , 32.48461241, 33.30797346, 38.08787462,
            34.9167866 , 31.0026546 , 22.44662471, 16.95642312, 13.08215712,
            32.24672821, 39.75353745, 45.28756206, 26.84235526, 31.91380599,
            41.24435834, 13.45924055, 42.5544592 , 52.28228742, 20.93535219,
            29.60297105, 19.31679326, 29.61370435, 36.66167536, 22.38352133,
            56.75599981, 48.36211121, 35.01109473, 30.89109202, 45.11665913],
           [36.45683618, 58.39668596, 25.1349437 , 45.49566153, 26.44411609,
            32.5757276 , 40.07318359, 49.26484008, 35.1084059 , 44.4634857 ,
            35.60784324,  0.        , 39.02041845, 37.20641794, 17.11131619,
            18.62246664, 59.31506939, 46.36804437, 36.02513879, 50.35942185,
            29.37968422, 43.45763009, 23.24096827, 35.21034647, 48.25358254,
            34.91983102, 25.43854996, 27.47036772, 27.23404521, 46.78543552,
            34.65910849, 63.17102702, 47.63534809, 16.71795168, 24.34503433,
            47.37009057, 35.74556105, 35.41545789, 23.17932396, 27.79427084,
            33.67043713, 42.91202062, 11.810902  , 17.9153883 , 21.67624562,
            50.65356944, 48.23895882, 33.5879487 , 28.24030122, 42.50635583],
           [50.06287534, 28.6240421 , 42.39620719, 75.56704928, 37.35503049,
            16.35461   , 61.29220008, 41.00886749, 31.25208625, 39.58710394,
            36.73969259, 39.02041845,  0.        , 45.20892419, 43.21538516,
            36.88156538, 25.62348316, 23.50723698, 46.93202123, 26.26118014,
            22.26337948, 17.68012583, 42.71294076, 31.09072717, 65.45844314,
            39.87213592, 27.17187829, 49.29775953, 35.89868124, 45.63050141,
            30.02923821, 69.22857251, 56.22820982, 37.96153716, 27.73273814,
            54.28162465, 29.28853143, 48.99869814, 56.29322395, 19.51615384,
            36.69184808, 55.39803387, 41.28443587, 25.08190256, 27.75260986,
            56.86361616, 31.28793163, 45.58424259, 12.89060092, 20.86134129],
           [ 9.76176818, 45.20726822, 57.70253837, 52.16105863, 33.84619273,
            50.84649579, 43.05101392, 61.20296704, 52.06936332, 49.63075874,
            19.20354106, 37.20641794, 45.20892419,  0.        , 41.96856632,
            40.2840366 , 56.42667837, 54.31748244, 34.31313613, 49.11026766,
            44.48078146, 38.23618691, 43.76887803, 29.26187266, 22.89850663,
            39.06367847, 28.04775544, 29.22261711, 19.49916616, 18.86152658,
            46.06273373, 42.96618503, 52.53301633, 35.87145165, 33.92252266,
            49.62126564, 27.81426064, 37.67182943, 55.85706124, 29.63256685,
            42.93623448, 20.49000483, 26.72867054, 43.62804618, 22.24173478,
            70.27253677, 47.89968867, 25.37136935, 40.16128344, 47.79647956],
           [42.61250194, 62.20843455, 33.67987385, 58.12334664, 36.31112657,
            35.86612364, 33.25500958, 46.9798894 , 29.16498894, 41.9160009 ,
            40.6457939 , 17.11131619, 43.21538516, 41.96856632,  0.        ,
            27.48463917, 58.71506932, 57.22519977, 47.85507005, 52.57277671,
            39.39100809, 51.51829962, 26.32827309, 45.91036443, 55.34667504,
            23.6039374 , 34.56116513, 34.35321656, 38.48968964, 52.12763714,
            31.56953802, 58.23845605, 35.12756943, 21.02627713, 38.00300723,
            62.20940569, 44.33307264, 50.93124911, 20.87048315, 30.15767757,
            29.28672292, 47.71307173, 20.19820741, 22.15987205, 30.41242134,
            61.8837033 , 59.03216875, 45.87334594, 35.76096606, 51.87003366],
           [37.64782144, 51.84754056, 20.36433753, 47.58518573, 12.83465054,
            35.54765747, 37.03296616, 35.54707496, 43.89988418, 31.37872246,
            29.61934272, 18.62246664, 36.88156538, 40.2840366 , 27.48463917,
             0.        , 60.26066301, 43.3831606 , 47.12875765, 38.94064196,
            20.22432869, 41.78088163,  9.80510567, 40.75878339, 53.50017725,
            36.78936222, 33.55364355, 21.16541886, 26.35447834, 41.87812327,
            25.29988382, 58.65214647, 44.62314083,  9.04233311, 27.9349794 ,
            37.96217366, 27.53243984, 41.5648142 , 28.73462573, 25.95112167,
            24.31208937, 38.97940914, 24.07898484, 19.8608037 , 26.74603784,
            36.46796696, 51.95410024, 41.49434261, 24.91552118, 45.07791714],
           [64.1564009 , 31.96851235, 66.30432249, 96.99188335, 60.06542816,
            34.09966489, 75.77603091, 56.77424682, 37.46254373, 54.75104232,
            52.26682077, 59.31506939, 25.62348316, 56.42667837, 58.71506932,
            60.26066301,  0.        , 42.46335378, 60.31644742, 39.67509311,
            47.7968255 , 31.84322252, 64.46640842, 44.90591835, 77.66324523,
            48.11537195, 42.7815889 , 69.2230774 , 54.82051436, 57.5184232 ,
            46.73599429, 75.98649833, 65.07998533, 58.9278165 , 48.84498112,
            77.16722953, 48.44342276, 67.47908834, 75.84732197, 36.81937932,
            52.8227162 , 70.13847213, 59.00824978, 46.40437143, 45.26664829,
            81.93933665, 42.06748733, 60.69316369, 37.87386346, 35.20227636],
           [57.32179616, 38.74606183, 44.30493658, 72.18535771, 41.93798413,
            28.90124474, 75.78781521, 55.01504733, 48.66150817, 55.2091134 ,
            46.8526535 , 46.36804437, 23.50723698, 54.31748244, 57.22519977,
            43.3831606 , 42.46335378,  0.        , 44.90514877, 39.5941593 ,
            24.1788182 , 20.84199701, 52.02315738, 31.10713538, 69.42713382,
            60.35746812, 33.35244917, 56.14431773, 39.47402135, 53.57579389,
            47.51708189, 85.08705585, 75.95012496, 48.33868361, 26.35341955,
            44.66541971, 34.74066167, 41.87017732, 64.97103916, 36.71331034,
            53.51042245, 63.18025638, 49.86513914, 36.6621144 , 36.3915106 ,
            49.77027569, 21.58764948, 44.78998851, 23.29257364, 15.14641555],
           [37.17418244, 59.1875643 , 53.98790262, 49.05833632, 45.3900241 ,
            45.68410895, 66.28415552, 76.11622471, 50.5606976 , 69.38974549,
            44.28199638, 36.02513879, 46.93202123, 34.31313613, 47.85507005,
            47.12875765, 60.31644742, 44.90514877,  0.        , 64.23192603,
            45.29435927, 38.83582228, 54.88504189, 18.4125385 , 37.29366677,
            57.34479869, 21.26165315, 46.65778483, 29.49434065, 47.47764696,
            60.65102962, 76.4636332 , 74.98085055, 46.95737785, 24.26592604,
            49.80784917, 42.17613494, 16.71236156, 57.55846524, 41.96119858,
            61.0101778 , 49.35196888, 31.25609031, 43.78204063, 26.70679238,
            69.83568492, 31.18139391, 11.47253795, 41.08616919, 35.43457945],
           [51.50386721, 22.35280172, 50.15908015, 80.10609996, 35.23164008,
            39.09598084, 55.99680802, 26.7311951 , 50.17761731, 23.81086496,
            32.5816101 , 50.35942185, 26.26118014, 49.11026766, 52.57277671,
            38.94064196, 39.67509311, 39.5941593 , 64.23192603,  0.        ,
            29.45333734, 31.79001044, 41.06950548, 47.709988  , 69.95120884,
            42.1161275 , 45.06012804, 47.16713036, 41.38778359, 40.03545681,
            24.7294529 , 57.69518316, 50.17484873, 39.86512193, 43.45975443,
            53.43826694, 27.12369556, 62.31218253, 63.16197737, 27.03195269,
            29.89256968, 50.47897023, 51.23854276, 38.4585612 , 40.17888132,
            53.83021962, 51.5934682 , 58.50459811, 28.36353851, 43.6538202 ],
           [44.92383319, 39.72199341, 25.7228365 , 59.21453088, 21.15065257,
            24.98099916, 54.01241498, 36.12418668, 41.66093957, 35.25067702,
            32.56318615, 29.37968422, 22.26337948, 44.48078146, 39.39100809,
            20.22432869, 47.7968255 , 24.1788182 , 45.29435927, 29.45333734,
             0.        , 27.17145604, 28.19492722, 33.37531855, 60.63588047,
            43.91798904, 29.28894116, 36.24368368, 27.94292918, 43.36274461,
            27.78398338, 68.4347558 , 55.96934365, 26.03983669, 21.07862215,
            36.37079822, 22.78015397, 40.15629039, 44.84255065, 23.13927959,
            32.33980422, 48.12319276, 34.51837773, 19.85483345, 26.19585993,
            35.63364086, 37.63380568, 41.50118099, 11.30856998, 29.38259587],
           [43.43833526, 23.46989799, 50.81037734, 70.60309948, 37.33029981,
            30.1510621 , 65.79830352, 52.59832331, 43.81158656, 48.10262528,
            32.640943  , 43.45763009, 17.68012583, 38.23618691, 51.51829962,
            41.78088163, 31.84322252, 20.84199701, 38.83582228, 31.79001044,
            27.17145604,  0.        , 49.19813443, 20.58172402, 56.32446206,
            48.61356141, 23.86676655, 48.40601444, 29.29163935, 37.29221096,
            41.43208253, 68.85978402, 65.48151379, 43.2858489 , 23.86971302,
            46.86545309, 23.4693281 , 40.15209183, 64.52027922, 24.6720306 ,
            45.83018276, 49.78549421, 42.29566338, 35.6940235 , 25.44157555,
            59.6262409 , 20.84779771, 36.25622888, 20.65448359, 16.88356842],
           [40.57450703, 56.19597349, 24.29763794, 51.08150546, 18.42684608,
            41.17748464, 29.90970982, 32.11398246, 46.32661679, 27.45523375,
            32.48461241, 23.24096827, 42.71294076, 43.76887803, 26.32827309,
             9.80510567, 64.46640842, 52.02315738, 54.88504189, 41.06950548,
            28.19492722, 49.19813443,  0.        , 48.88227973, 56.95431367,
            34.05016878, 40.87178062, 21.54405561, 33.13300925, 44.78148018,
            23.32217341, 54.5563659 , 37.58930619,  9.0973963 , 37.04750703,
            44.93684429, 33.39379888, 50.13939172, 25.81721402, 29.96370307,
            19.85092568, 39.78575137, 27.89584588, 24.65691553, 33.32316411,
            40.20179732, 60.85602071, 48.88758581, 32.05897145, 53.5058316 ],
           [34.19526501, 41.11027296, 49.91619051, 57.13351257, 37.16511888,
            34.98230184, 62.72178378, 63.43957107, 43.82473737, 57.02460898,
            33.30797346, 35.21034647, 31.09072717, 29.26187266, 45.91036443,
            40.75878339, 44.90591835, 31.10713538, 18.4125385 , 47.709988  ,
            33.37531855, 20.58172402, 48.88227973,  0.        , 41.90719312,
            49.40910762, 11.74140616, 43.10099686, 21.68427909, 37.1588284 ,
            48.90630942, 69.23062064, 67.59527994, 41.1171113 , 15.44629882,
            44.79526399, 28.3743822 , 23.59548418, 58.36764584, 28.86946598,
            50.77213279, 44.62786777, 31.37125763, 35.97049663, 17.32514807,
            63.24702472, 19.4564114 , 17.23922068, 27.52267242, 21.70901233],
           [19.39727407, 65.59228669, 69.40947427, 42.41835675, 46.91523574,
